Stiffness Matrix (8x8):
 90354.1    31746 -56166.1    -2442   -41514   -31746  7326.01     2442
   31746  90354.1     2442  7326.01   -31746   -41514    -2442 -56166.1
-56166.1     2442  90354.1   -31746  7326.01    -2442   -41514    31746
   -2442  7326.01   -31746  90354.1     2442 -56166.1    31746   -41514
  -41514   -31746  7326.01     2442  90354.1    31746 -56166.1    -2442
  -31746   -41514    -2442 -56166.1    31746  90354.1     2442  7326.01
 7326.01    -2442   -41514    31746 -56166.1     2442  90354.1   -31746
    2442 -56166.1    31746   -41514    -2442  7326.01   -31746  90354.1
